============================================================
COURSERA LEARNER DATASET - SUMMARY STATISTICS
============================================================

Total Learners: 50,000
Features: 27
Dropout Rate: 68.5%

CLUSTER DISTRIBUTION:
----------------------------------------
Procrastinators     : 14,000 ( 28.0%) | Dropout: 70.8%
Strugglers          : 11,000 ( 22.0%) | Dropout: 82.3%
Disengaged          :  9,000 ( 18.0%) | Dropout: 87.4%
Overwhelmed         :  8,500 ( 17.0%) | Dropout: 76.9%
Thrivers            :  7,500 ( 15.0%) | Dropout: 11.9%

============================================================
FEATURE STATISTICS:
============================================================

         learner_id  video_completion_rate  rewatch_rate  avg_playback_speed  video_pause_frequency     skip_rate  quiz_avg_score  quiz_score_std  quiz_attempts_avg  score_improvement  assignment_submission_rate  forum_post_count  forum_reply_count  forum_upvotes_received  login_frequency_per_week  avg_session_duration_min  days_since_last_login  study_time_variance  deadline_adherence_rate  percent_complete  weeks_enrolled  engagement_score  performance_score   dropped_out
count  50000.000000           50000.000000  50000.000000        50000.000000           50000.000000  50000.000000    50000.000000    50000.000000       50000.000000       50000.000000                50000.000000      50000.000000       50000.000000            50000.000000              50000.000000              50000.000000           50000.000000         50000.000000             50000.000000      50000.000000    50000.000000      50000.000000       50000.000000  50000.000000
mean   25000.500000               0.664951      0.380580            1.351170               6.998922      0.285948        0.606900        0.129000           2.479040           0.017393                    0.663352          1.872340           2.003240                2.502420                  3.172703                 59.884118               5.341200             0.496397                 0.504449          0.484610        6.497920          0.524815           0.611152      0.685080
std    14433.901067               0.166305      0.170175            0.299694               4.979178      0.160495        0.127825        0.033091           1.159029           0.077054                    0.189790          2.602379           3.430356                4.682691                  1.496317                 29.783574               4.459661             0.198213                 0.220944          0.207168        3.454805          0.153059           0.136945      0.464489
min        1.000000               0.300059      0.100005            1.000000               2.000017      0.000770        0.400013        0.080000           1.000000          -0.149993                    0.009297          0.000000           0.000000                0.000000                  0.500045                  5.000000               1.000000             0.100011                 0.000000          0.000692        1.000000          0.000000           0.277294      0.000000
25%    12500.750000               0.562576      0.254763            1.000000               3.445878      0.160393        0.490906        0.100000           2.000000          -0.034460                    0.536386          0.000000           0.000000                0.000000                  1.928064                 38.001517               2.000000             0.351997                 0.346899          0.340168        3.000000          0.458876           0.501675      0.000000
50%    25000.500000               0.675664      0.346630            1.250000               5.466762      0.264726        0.601798        0.120000           2.000000           0.021464                    0.673341          1.000000           1.000000                0.000000                  2.944461                 55.001047               4.000000             0.483675                 0.514970          0.472914        6.000000          0.510282           0.612446      1.000000
75%    37500.250000               0.775706      0.463473            1.500000               8.927258      0.390383        0.685473        0.150000           3.000000           0.072830                    0.801555          2.000000           2.000000                3.000000                  4.318108                 76.677672               7.000000             0.633083                 0.664010          0.622494       10.000000          0.601086           0.688785      1.000000
max    50000.000000               0.979987      0.749985            2.000000              53.850472      0.946591        0.899975        0.180000           5.000000           0.199994                    1.000000         11.000000          21.000000               32.000000                  6.499542                180.000000              56.000000             0.899996                 1.000000          0.999481       12.000000          0.911169           0.946121      1.000000
